name:  sheetmusic.py
song name: thousandyears.wav
3.62282635493e-06
1.81141317747 3.62282635493
(100, 7691)
[[ 0.  0.  0. ...,  0.  0.  0.]
 [ 0.  0.  0. ...,  0.  0.  0.]
 [ 0.  0.  0. ...,  0.  0.  0.]
 ..., 
 [ 0.  0.  0. ...,  0.  0.  0.]
 [ 0.  0.  0. ...,  0.  0.  0.]
 [ 0.  0.  0. ...,  0.  0.  0.]]
[ 0.  0.  0. ...,  0.  0.  0.]
[ 0.  0.  0. ...,  0.  0.  0.]
[ 0.  0.  0. ...,  0.  0.  0.]
[ 0.  0.  0. ...,  0.  0.  0.]
[ 0.  0.  0. ...,  0.  0.  0.]
[ 0.  0.  0. ...,  0.  0.  0.]
[ 0.  0.  0. ...,  0.  0.  0.]
[ 0.  0.  0. ...,  0.  0.  0.]
[ 0.  0.  0. ...,  0.  0.  0.]
[ 0.  0.  0. ...,  0.  0.  0.]
[ 0.  0.  0. ...,  0.  0.  0.]
[ 0.  0.  0. ...,  0.  0.  0.]
[ 0.  0.  0. ...,  0.  0.  0.]
[ 0.  0.  0. ...,  0.  0.  0.]
[ 0.  0.  0. ...,  0.  0.  0.]
[ 0.  0.  0. ...,  0.  0.  0.]
[ 0.  0.  0. ...,  0.  0.  0.]
[ 0.  0.  0. ...,  0.  0.  0.]
[ 0.  0.  0. ...,  0.  0.  0.]
[ 0.  0.  0. ...,  0.  0.  0.]
[ 0.  0.  0. ...,  0.  0.  0.]
[ 0.  0.  0. ...,  0.  0.  0.]
[ 0.  0.  0. ...,  0.  0.  0.]
[ 0.  0.  0. ...,  0.  0.  0.]
[ 0.  0.  0. ...,  0.  0.  0.]
[ 0.  0.  0. ...,  0.  0.  0.]
[ 0.  0.  0. ...,  0.  0.  0.]
[ 0.  0.  0. ...,  0.  0.  0.]
[ 0.  0.  0. ...,  0.  0.  0.]
[ 0.  0.  0. ...,  0.  0.  0.]
[ 0.  0.  0. ...,  0.  0.  0.]
[ 0.  0.  0. ...,  0.  0.  0.]
[ 0.  0.  0. ...,  0.  0.  0.]
[ 0.  0.  0. ...,  0.  0.  0.]
[ 0.  0.  0. ...,  0.  0.  0.]
[ 0.  0.  0. ...,  0.  0.  0.]
[ 0.  0.  0. ...,  0.  0.  0.]
[ 0.  0.  0. ...,  0.  0.  0.]
[ 0.  0.  0. ...,  0.  0.  0.]
[ 0.  0.  0. ...,  0.  0.  0.]
[ 0.  0.  0. ...,  0.  0.  0.]
[ 0.  0.  0. ...,  0.  0.  0.]
[ 0.  0.  0. ...,  0.  0.  0.]
[ 0.  0.  0. ...,  0.  0.  0.]
[ 0.  0.  0. ...,  0.  0.  0.]
[ 0.  0.  0. ...,  0.  0.  0.]
[ 0.  0.  0. ...,  0.  0.  0.]
[ 0.  0.  0. ...,  0.  0.  0.]
[ 0.  0.  0. ...,  0.  0.  0.]
[ 0.  0.  0. ...,  0.  0.  0.]
[ 0.  0.  0. ...,  0.  0.  0.]
[ 0.  0.  0. ...,  0.  0.  0.]
[ 0.  0.  0. ...,  0.  0.  0.]
[ 0.  0.  0. ...,  0.  0.  0.]
[ 0.  0.  0. ...,  0.  0.  0.]
[ 0.  0.  0. ...,  0.  0.  0.]
[ 0.  0.  0. ...,  0.  0.  0.]
[ 0.  0.  0. ...,  0.  0.  0.]
[ 0.  0.  0. ...,  0.  0.  0.]
[ 0.  0.  0. ...,  0.  0.  0.]
[ 0.  0.  0. ...,  0.  0.  0.]
[ 0.  0.  0. ...,  0.  0.  0.]
[ 0.  0.  0. ...,  0.  0.  0.]
[ 0.  0.  0. ...,  0.  0.  0.]
[ 0.  0.  0. ...,  0.  0.  0.]
[ 0.  0.  0. ...,  0.  0.  0.]
[ 0.  0.  0. ...,  0.  0.  0.]
[ 0.  0.  0. ...,  0.  0.  0.]
[ 0.  0.  0. ...,  0.  0.  0.]
[ 0.  0.  0. ...,  0.  0.  0.]
[ 0.  0.  0. ...,  0.  0.  0.]
[ 0.  0.  0. ...,  0.  0.  0.]
[ 0.  0.  0. ...,  0.  0.  0.]
[ 0.  0.  0. ...,  0.  0.  0.]
[ 0.  0.  0. ...,  0.  0.  0.]
[ 0.  0.  0. ...,  0.  0.  0.]
[ 0.  0.  0. ...,  0.  0.  0.]
[ 0.  0.  0. ...,  0.  0.  0.]
[ 0.  0.  0. ...,  0.  0.  0.]
[ 0.  0.  0. ...,  0.  0.  0.]
[ 0.  0.  0. ...,  0.  0.  0.]
[ 0.  0.  0. ...,  0.  0.  0.]
[ 0.  0.  0. ...,  0.  0.  0.]
[ 0.  0.  0. ...,  0.  0.  0.]
[ 0.  0.  0. ...,  0.  0.  0.]
[ 0.  0.  0. ...,  0.  0.  0.]
[ 0.  0.  0. ...,  0.  0.  0.]
[ 0.  0.  0. ...,  0.  0.  0.]
[ 0.  0.  0. ...,  0.  0.  0.]
[ 0.  0.  0. ...,  0.  0.  0.]
[ 0.  0.  0. ...,  0.  0.  0.]
[ 0.  0.  0. ...,  0.  0.  0.]
[ 0.  0.  0. ...,  0.  0.  0.]
[ 0.  0.  0. ...,  0.  0.  0.]
[ 0.  0.  0. ...,  0.  0.  0.]
[ 0.  0.  0. ...,  0.  0.  0.]
[ 0.  0.  0. ...,  0.  0.  0.]
[ 0.  0.  0. ...,  0.  0.  0.]
[ 0.  0.  0. ...,  0.  0.  0.]
[ 0.  0.  0. ...,  0.  0.  0.]
[ 0.  0.  0. ...,  0.  0.  0.]
[ 0.  0.  0. ...,  0.  0.  0.]
[ 0.  0.  0. ...,  0.  0.  0.]
[ 0.  0.  0. ...,  0.  0.  0.]
[ 0.  0.  0. ...,  0.  0.  0.]
[ 0.  0.  0. ...,  0.  0.  0.]
[ 0.  0.  0. ...,  0.  0.  0.]
[ 0.  0.  0. ...,  0.  0.  0.]
[ 0.  0.  0. ...,  0.  0.  0.]
[ 0.  0.  0. ...,  0.  0.  0.]
[ 0.  0.  0. ...,  0.  0.  0.]
[ 0.  0.  0. ...,  0.  0.  0.]
[ 0.  0.  0. ...,  0.  0.  0.]
[ 0.  0.  0. ...,  0.  0.  0.]
[ 0.  0.  0. ...,  0.  0.  0.]
[ 0.  0.  0. ...,  0.  0.  0.]
[ 0.  0.  0. ...,  0.  0.  0.]
[ 0.  0.  0. ...,  0.  0.  0.]
[ 0.  0.  0. ...,  0.  0.  0.]
[ 0.  0.  0. ...,  0.  0.  0.]
[ 0.  0.  0. ...,  0.  0.  0.]
[ 0.  0.  0. ...,  0.  0.  0.]
[ 0.  0.  0. ...,  0.  0.  0.]
[ 0.  0.  0. ...,  0.  0.  0.]
[ 0.  0.  0. ...,  0.  0.  0.]
[ 0.  0.  0. ...,  0.  0.  0.]
[ 0.  0.  0. ...,  0.  0.  0.]
[ 0.  0.  0. ...,  0.  0.  0.]
[ 0.  0.  0. ...,  0.  0.  0.]
[ 0.  0.  0. ...,  0.  0.  0.]
[ 0.  0.  0. ...,  0.  0.  0.]
[ 0.  0.  0. ...,  0.  0.  0.]
[ 0.  0.  0. ...,  0.  0.  0.]
[ 0.  0.  0. ...,  0.  0.  0.]
[ 0.  0.  0. ...,  0.  0.  0.]
[ 0.  0.  0. ...,  0.  0.  0.]
[ 0.  0.  0. ...,  0.  0.  0.]
[ 0.  0.  0. ...,  0.  0.  0.]
[ 0.  0.  0. ...,  0.  0.  0.]
[ 0.  0.  0. ...,  0.  0.  0.]
[ 0.  0.  0. ...,  0.  0.  0.]
[ 0.  0.  0. ...,  0.  0.  0.]
[ 0.  0.  0. ...,  0.  0.  0.]
[ 0.  0.  0. ...,  0.  0.  0.]
[ 0.  0.  0. ...,  0.  0.  0.]
[ 0.  0.  0. ...,  0.  0.  0.]
[ 0.  0.  0. ...,  0.  0.  0.]
[ 0.  0.  0. ...,  0.  0.  0.]
[ 0.  0.  0. ...,  0.  0.  0.]
[ 0.  0.  0. ...,  0.  0.  0.]
[ 0.  0.  0. ...,  0.  0.  0.]
[ 0.  0.  0. ...,  0.  0.  0.]
[ 0.  0.  0. ...,  0.  0.  0.]
[ 0.  0.  0. ...,  0.  0.  0.]
[ 0.  0.  0. ...,  0.  0.  0.]
[ 0.  0.  0. ...,  0.  0.  0.]
[ 0.  0.  0. ...,  0.  0.  0.]
[ 0.  0.  0. ...,  0.  0.  0.]
[ 0.  0.  0. ...,  0.  0.  0.]
[ 0.  0.  0. ...,  0.  0.  0.]
[ 0.  0.  0. ...,  0.  0.  0.]
[ 0.  0.  0. ...,  0.  0.  0.]
[ 0.  0.  0. ...,  0.  0.  0.]
[ 0.  0.  0. ...,  0.  0.  0.]
[ 0.  0.  0. ...,  0.  0.  0.]
[ 0.  0.  0. ...,  0.  0.  0.]
[ 0.  0.  0. ...,  0.  0.  0.]
[ 0.  0.  0. ...,  0.  0.  0.]
[ 0.  0.  0. ...,  0.  0.  0.]
[ 0.  0.  0. ...,  0.  0.  0.]
[ 0.  0.  0. ...,  0.  0.  0.]
[ 0.  0.  0. ...,  0.  0.  0.]
[ 0.  0.  0. ...,  0.  0.  0.]
[ 0.  0.  0. ...,  0.  0.  0.]
[ 0.  0.  0. ...,  0.  0.  0.]
[ 0.  0.  0. ...,  0.  0.  0.]
[ 0.  0.  0. ...,  0.  0.  0.]
[ 0.  0.  0. ...,  0.  0.  0.]
[ 0.  0.  0. ...,  0.  0.  0.]
[ 0.  0.  0. ...,  0.  0.  0.]
[ 0.  0.  0. ...,  0.  0.  0.]
[ 0.  0.  0. ...,  0.  0.  0.]
[ 0.  0.  0. ...,  0.  0.  0.]
[ 0.  0.  0. ...,  0.  0.  0.]
[ 0.  0.  0. ...,  0.  0.  0.]
[ 0.  0.  0. ...,  0.  0.  0.]
[ 0.  0.  0. ...,  0.  0.  0.]
[ 0.  0.  0. ...,  0.  0.  0.]
[ 0.  0.  0. ...,  0.  0.  0.]
[ 0.  0.  0. ...,  0.  0.  0.]
[ 0.  0.  0. ...,  0.  0.  0.]
[ 0.  0.  0. ...,  0.  0.  0.]
[ 0.  0.  0. ...,  0.  0.  0.]
[ 0.  0.  0. ...,  0.  0.  0.]
[ 0.  0.  0. ...,  0.  0.  0.]
[ 0.  0.  0. ...,  0.  0.  0.]
[ 0.  0.  0. ...,  0.  0.  0.]
[ 0.  0.  0. ...,  0.  0.  0.]
[ 0.  0.  0. ...,  0.  0.  0.]
[ 0.  0.  0. ...,  0.  0.  0.]
